fx:1171.1669704
fy:1171.1669704	
cx:269.5000000	
cy:479.5000000
left RT:
0.9651990030	-0.1434057202	-0.2186908414	-24.9883976863	
0.1692685332	0.9800221135	0.1044261496	-2.9219539542	
0.1993465534	-0.1378094934	0.9701904427	-4.1429405475
right RT:
0.9595827427	-0.1462608724	-0.2404344340	-33.8404005091	
0.1710625336	0.9815318222	0.0856323044	-4.3207754961	
0.2234693925	-0.1233006050	0.9668807535	-6.1909076222
