fx:835.231750 
fy:835.231750 
cx:479.500000 
cy:269.500000
Left RT:
0.769424 0.098326 -0.631125 123.451782
-0.032449 0.992822 0.115117 -7.683973
0.637913 -0.068094 0.767092 26.966467
Right RT:
0.760741 0.080815 -0.644004 134.224426
-0.015877 0.994238 0.106010 -5.846493
0.648861 -0.070421 0.757641 28.319946
